Doc #0: 0.999999999997 3.06466163475e-12 2.70384804743e-22 1.8737781165e-19 1.16049894059e-19
Doc #1: 1.82508441024e-17 1.47343864298e-17 1.35438474071e-19 3.0288140324e-22 1.0
Doc #2: 1.15191357429e-17 1.4429426575e-12 0.999999999999 8.77649394133e-23 1.49759427991e-19
Doc #3: 8.03117333863e-17 1.49375122959e-22 6.69425277475e-18 1.0 7.14996375656e-21
Doc #4: 1.0 1.00538707402e-25 2.41083426085e-30 1.23974741637e-30 7.04576963882e-29
Doc #5: 6.74968193208e-18 9.04402666464e-14 1.87383071621e-23 2.27129299825e-22 1.0
Doc #6: 1.42764988961e-21 1.0 1.70725531063e-20 5.38162936456e-25 2.601118986e-19
Doc #7: 3.01373811345e-26 1.01176089175e-26 1.0 6.76718693224e-30 3.95439776917e-31
Doc #8: 4.24309480522e-19 1.0 2.05714148324e-20 5.61634438715e-20 1.05157365682e-17
Doc #9: 7.99868502166e-21 8.85121033084e-20 2.09996839244e-21 1.0 2.60518883208e-14
Doc #10: 4.67938606378e-15 0.414937974245 2.05352181918e-16 0.585062025755 4.37263076063e-23
Doc #11: 1.04011207159e-18 3.53187860293e-23 1.0 1.80779391338e-24 4.19980262114e-27
Doc #12: 0.999999981777 1.79322434355e-08 3.36966126263e-17 2.90873957797e-10 3.23977790024e-23
Doc #13: 2.69252622255e-17 2.3174223372e-16 3.07764416778e-20 1.0 7.75499421302e-22
Doc #14: 1.02466193276e-16 1.86405514683e-18 4.66614698333e-17 7.44936371546e-20 1.0
Doc #15: 1.11467491928e-16 0.999999999999 1.70131763044e-15 5.38441889014e-13 3.93388623567e-22
Doc #16: 4.20971849293e-16 0.000121574391465 0.999878341239 8.43700064727e-08 1.54329959763e-23
Doc #17: 5.29057786891e-12 0.999999999995 4.1878599994e-18 3.57172394084e-14 6.2095998373e-24
Doc #18: 4.73371143257e-20 3.8490445825e-09 1.48483386787e-20 0.999999996151 4.15654895585e-15
Doc #19: 8.16264379095e-18 1.0 5.54299149091e-19 4.1834771927e-13 1.39831808112e-20
Doc #20: 2.25175911667e-16 1.09932891328e-13 0.999999999997 3.29303826262e-12 6.72631720679e-21
Doc #21: 3.71212741055e-21 1.00219002826e-27 4.78273486382e-21 6.7601370739e-25 1.0
Doc #22: 1.17853708594e-35 4.07002422176e-32 2.4090386114e-32 1.0 1.33933015135e-28
Doc #23: 2.55058203298e-25 4.58166201673e-31 4.13966126011e-21 1.0 1.02299397412e-19
Doc #24: 0.603473239183 1.53716586383e-26 1.72417851102e-11 0.396526698969 6.18305769668e-08
Doc #25: 1.0 4.53235388485e-36 8.92755559841e-32 1.98950696534e-24 1.81707139451e-26
Doc #26: 2.93890201347e-36 1.08275739209e-45 1.80309569866e-25 1.0 1.83147424621e-25
Doc #27: 6.42041380962e-19 1.53089827476e-34 4.93496864188e-26 1.0 9.87257511313e-22
Doc #28: 3.69746159078e-20 2.20622607902e-13 2.02811528025e-15 1.81536857604e-09 0.999999998184
Doc #29: 3.01880723278e-21 6.17725976785e-24 1.0 2.02965569339e-17 7.58096129228e-25
Doc #30: 1.73152643649e-31 2.33452823194e-31 1.01586735553e-35 1.0 6.18682082146e-33
Doc #31: 1.9632878194e-27 9.53947609215e-17 1.0 5.21556160265e-14 8.57658289456e-21
Doc #32: 1.0 1.77914444477e-21 1.44499137272e-32 7.00885500462e-14 7.04782714754e-23
Doc #33: 4.77792315635e-26 3.30317162979e-21 8.12361735401e-36 1.0 2.03456217771e-29
Doc #34: 8.33728095631e-30 1.0 3.0068981749e-37 4.59213815604e-20 2.67711721345e-25
Doc #35: 1.3770734861e-24 1.0 1.17771987577e-17 6.57985433265e-16 8.3077133405e-29
Doc #36: 7.74165789811e-39 3.76901490158e-26 1.54814082645e-28 1.0 1.15922095429e-26
Doc #37: 1.36773788238e-20 5.41611384253e-18 8.9124682422e-32 1.0 5.73830136808e-26
Doc #38: 4.15714928952e-41 1.0 1.19299946842e-29 2.54135645779e-24 1.56798589722e-23
Doc #39: 5.47711691106e-34 7.29891346613e-26 2.91332169314e-24 7.40615267438e-18 1.0
Doc #40: 1.0 6.58843446688e-26 4.99837757702e-23 1.49137562101e-19 4.24912604788e-24
Doc #41: 3.46888213454e-16 1.56503826422e-16 5.91033113606e-17 2.54105372979e-23 1.0
Doc #42: 2.11820156883e-17 3.15146434612e-20 6.19395354021e-26 1.0 1.24024472831e-20
Doc #43: 1.0 1.68675174024e-22 5.87491243955e-15 8.41439987036e-24 9.13698174889e-20
Doc #44: 2.23810903465e-13 1.0 1.66939330254e-15 3.03197397632e-19 3.29452951554e-15
Doc #45: 1.1186319586e-16 4.87819862164e-19 1.0 8.6319415304e-20 6.65351774025e-24
Doc #46: 3.08732740148e-21 1.0 2.69264821904e-22 1.73238834786e-18 1.04506860441e-20
Doc #47: 1.02725439721e-16 4.98160750459e-19 2.76184899692e-17 8.65456706909e-21 1.0
Doc #48: 1.0 1.20700571957e-16 6.43341194499e-23 4.26217083478e-20 1.44099310501e-15
Doc #49: 3.49354423349e-19 1.0 1.36064764632e-27 1.18040553015e-26 2.30852504155e-13
Doc #50: 1.65332111096e-22 1.42021905498e-26 1.0 7.2322141374e-25 9.14934858014e-19
Doc #51: 3.24829618218e-12 0.999998265378 1.73461833014e-06 3.32302074328e-29 6.14263119337e-21
Doc #52: 3.10483145615e-12 5.55046021011e-13 0.999999884468 3.84017390375e-20 1.15528806329e-07
Doc #53: 5.59031942537e-19 4.19535450816e-23 1.0 3.15679727394e-19 4.26239769485e-21
Doc #54: 1.94732194131e-20 5.19127310035e-23 1.0 2.05427490932e-22 3.35766212927e-20
Doc #55: 1.07904732525e-25 1.04615522541e-31 1.73943731646e-24 1.30295997163e-31 1.0
Doc #56: 6.31037088698e-25 4.19061888284e-33 1.0 2.92603152436e-36 1.2594657914e-33
Doc #57: 1.0 9.38168299903e-28 3.24397968448e-19 2.16979645287e-32 2.95700735651e-22
Doc #58: 3.1270502081e-17 1.80444115554e-13 8.63328456118e-11 5.81748587822e-28 0.999999999913
Doc #59: 5.44088762804e-26 5.76196584713e-22 1.0 3.05718754292e-29 3.09695777135e-18
